-1.091594879416525288e+01
-1.079558567503227096e+01
-1.067522255589928903e+01
-1.055485943676630534e+01
-1.043449631763332341e+01
-1.031413319850034149e+01
-1.019377007936735957e+01
-1.007340696023437587e+01
-9.953043841101393951e+00
-9.832680721968412030e+00
-9.712317602835430108e+00
-9.591954483702446410e+00
-9.471591364569464488e+00
-9.351228245436482567e+00
-9.230865126303500645e+00
-9.110502007170516947e+00
-8.990138888037535025e+00
-8.869775768904553104e+00
-8.749412649771571182e+00
-8.629049530638589260e+00
-8.508686411505605562e+00
-8.388323292372623641e+00
-8.267960173239641719e+00
-8.147597054106658021e+00
-8.027233934973676099e+00
-7.906870815840694178e+00
-7.786507696707712256e+00
-7.666144577574729446e+00
-7.545781458441746636e+00
-7.425418339308764715e+00
-7.305055220175782793e+00
-7.184692101042799983e+00
-7.064328981909817173e+00
-6.943965862776835252e+00
-6.823602743643853330e+00
-6.703239624510870520e+00
-6.582876505377888599e+00
-6.462513386244905789e+00
-6.342150267111923867e+00
-6.221787147978941057e+00
-6.101424028845959135e+00
-5.981060909712976326e+00
-5.860697790579994404e+00
-5.740334671447011594e+00
-5.619971552314029672e+00
-5.499608433181046863e+00
-5.379245314048064941e+00
-5.258882194915082131e+00
-5.138519075782100209e+00
-5.018155956649117400e+00
-4.897792837516135478e+00
-4.777429718383152668e+00
-4.657066599250170746e+00
-4.536703480117187937e+00
-4.416340360984206015e+00
-4.295977241851223205e+00
-4.175614122718241283e+00
-4.055251003585258474e+00
-3.934887884452276552e+00
-3.814524765319293742e+00
-3.694161646186311820e+00
-3.573798527053329011e+00
-3.453435407920347089e+00
-3.333072288787364279e+00
-3.212709169654382357e+00
-3.092346050521400436e+00
-2.971982931388417626e+00
-2.851619812255435704e+00
-2.731256693122453783e+00
-2.610893573989470084e+00
-2.490530454856488163e+00
-2.370167335723506241e+00
-2.249804216590524319e+00
-2.129441097457540621e+00
-2.009077978324558700e+00
-1.888714859191576778e+00
-1.768351740058594856e+00
-1.647988620925611158e+00
-1.527625501792629237e+00
-1.407262382659647315e+00
-1.286899263526665393e+00
-1.166536144393681695e+00
-1.046173025260699774e+00
-9.258099061277178521e-01
-8.054467869947359304e-01
-6.850836678617522324e-01
-5.647205487287703107e-01
-4.443574295957883891e-01
-3.239943104628064674e-01
-2.036311913298227694e-01
-8.326807219684084771e-02
3.709504693614107396e-02
1.574581660691229956e-01
2.778212852021066936e-01
3.981844043350886153e-01
5.185475234680705370e-01
6.389106426010524586e-01
7.592737617340343803e-01
8.796368808670180783e-01
1.000000000000000222e+00
