0.000000000000000000e+00
4.939052087611508614e+04
9.878104175223017228e+04
1.481715626283452730e+05
1.975620835044603446e+05
2.469526043805754161e+05
2.963431252566905459e+05
3.457336461328056175e+05
3.951241670089206891e+05
4.445146878850357607e+05
4.939052087611508323e+05
5.432957296372659039e+05
5.926862505133810919e+05
6.420767713894961635e+05
6.914672922656112351e+05
7.408578131417263066e+05
7.902483340178413782e+05
8.396388548939564498e+05
8.890293757700715214e+05
9.384198966461865930e+05
9.878104175223016646e+05
1.037200938398416853e+06
1.086591459274531808e+06
1.135981980150646996e+06
1.185372501026762184e+06
1.234763021902877139e+06
1.284153542778992327e+06
1.333544063655107282e+06
1.382934584531222470e+06
1.432325105407337425e+06
1.481715626283452613e+06
1.531106147159567568e+06
1.580496668035682756e+06
1.629887188911797944e+06
1.679277709787912900e+06
1.728668230664028088e+06
1.778058751540143043e+06
1.827449272416258231e+06
1.876839793292373186e+06
1.926230314168488374e+06
1.975620835044603329e+06
2.025011355920718517e+06
2.074401876796833705e+06
2.123792397672948893e+06
2.173182918549063616e+06
2.222573439425178804e+06
2.271963960301293992e+06
2.321354481177409180e+06
2.370745002053524368e+06
2.420135522929639090e+06
2.469526043805754278e+06
2.518916564681869466e+06
2.568307085557984654e+06
2.617697606434099376e+06
2.667088127310214564e+06
2.716478648186329752e+06
2.765869169062444940e+06
2.815259689938560128e+06
2.864650210814674851e+06
2.914040731690790039e+06
2.963431252566905227e+06
3.012821773443020415e+06
3.062212294319135137e+06
3.111602815195250325e+06
3.160993336071365513e+06
3.210383856947480701e+06
3.259774377823595889e+06
3.309164898699710611e+06
3.358555419575825799e+06
3.407945940451940987e+06
3.457336461328056175e+06
3.506726982204170898e+06
3.556117503080286086e+06
3.605508023956401274e+06
3.654898544832516462e+06
3.704289065708631650e+06
3.753679586584746372e+06
3.803070107460861560e+06
3.852460628336976748e+06
3.901851149213091936e+06
3.951241670089206658e+06
4.000632190965321846e+06
4.050022711841437034e+06
4.099413232717552222e+06
4.148803753593667410e+06
4.198194274469782598e+06
4.247584795345897786e+06
4.296975316222012043e+06
4.346365837098127231e+06
4.395756357974242419e+06
4.445146878850357607e+06
4.494537399726472795e+06
4.543927920602587983e+06
4.593318441478703171e+06
4.642708962354818359e+06
4.692099483230933547e+06
4.741490004107048735e+06
4.790880524983162992e+06
4.840271045859278180e+06
4.889661566735393368e+06
